10169
14989
14985
14873
14933
14723
14763
10499
11125
14684
14631
14638
11130
14923
10533
14595
10456
20166
11099
11158
11159
20005
20059
10457
14596
14662
14622
14841
20167
14798
10440
10498
20168
11537
20094
14695
10598
14632
20001
14799
10501
20150
14882
14576
14590
20060
10460
11538
20006
20007
14777
10500
14663
11266
10117
14544
11423
20045
10539
20041
10174
14633
14623
20095
10949
20122
10950
14910
10502
14778
10170
14761
20169
20092
20170
14883
14696
10951
20128
14640
10461
14655
10953
14884
20042
20151
20043
14885
10488
20152
20061
14886
20040
14624
14625
11449
10398
20171
14698
10442
14699
11134
14697
14700
14701
14702
14476
20117
20118
20119
20120
14779
10443
10957
10548
20172
11149
10118
20096
10485
14780
14691
20062
14800
11267
14717
10587
14545
10119
14597
14801
14642
11443
14724
14651
20097
10964
20063
11126
14916
20064
10965
10966
20153
14630
14703
20098
14887
14721
14802
14888
20154
10403
14889
10530
10575
10120
10178
14660
10494
10121
10370
14720
10444
20065
20099
14561
20134
10176
11180
10389
14473
10315
11080
12290
11467
10445
20173
14634
20135
14911
20100
14680
11258
14812
12434
10123
10301
14932
14941
14938
14940
14942
14939
14937
14890
14643
14718
20129
14922
10173
10608
11271
20002
20008
14692
12523
14704
14912
20174
10367
14541
14656
14727
11161
20046
20175
10974
14707
20009
14669
20010
20011
20176
20066
10975
14547
11173
11162
14670
11255
20093
10446
10127
14775
14877
11163
20012
10377
20123
14891
14591
14913
11164
20177
14635
10514
14771
11123
20178
14636
11247
10129
14772
14892
14546
11081
10576
20136
14725
13652
10983
10463
10406
14893
10601
14652
14163
20054
20124
14840
20013
10447
20014
14653
14626
20179
10987
20180
10441
10131
14671
14914
10464
20015
10513
10919
20181
20182
11768
14915
20016
20067
20055
10607
10988
11202
10234
20155
10380
14661
20047
11165
14894
10989
14719
10991
14722
11470
20137
20017
14685
14540
10404
14686
10938
10378
10584
20149
20156
20048
14709
20018
20019
10551
20020
20138
10541
11268
14644
10405
14687
11270
11003
14895
20130
14710
11739
10448
14657
12924
20068
20069
20070
20071
20101
12843
14598
10465
20049
20157
11476
11007
10134
14773
10589
14328
11008
10492
14542
14917
20139
20021
11471
20183
20072
20073
20074
20140
20075
20076
11472
20056
20141
20077
10451
14711
11012
20184
20102
11129
10504
14645
12344
10543
14792
10531
14896
20103
10307
20104
20105
14897
10467
14715
12377
11469
14548
20185
10136
14584
11167
10529
20106
10375
10610
14537
10137
20158
14803
10470
10503
14688
10471
10511
10604
11019
10306
20022
14664
20186
10230
20078
14549
10167
10472
11020
20210
14681
11507
14677
11454
10368
20079
20080
14898
12274
20142
20126
11473
14682
11023
20187
11094
14678
20188
20023
20189
20159
10394
20160
14627
20024
10603
14637
20190
14830
14828
20191
11131
20025
20026
20027
14679
10474
20192
20214
14647
10475
20125
11030
20107
11032
11168
10476
20044
20050
10477
14468
11256
11034
20003
20108
11035
14712
12220
11037
11040
20193
10540
20109
10459
14899
10546
11144
10452
14791
14666
11042
10545
14672
14793
14562
10397
20127
14918
14592
14693
14648
10600
11044
11045
14550
11098
14628
14599
14716
10453
14689
13091
10454
14667
14658
11046
12848
14665
14673
20121
14649
14659
11450
14832
14878
20028
11466
11169
14900
10198
14713
14901
20081
14563
20194
11052
14650
20195
14674
20029
20115
20143
10478
20196
11474
14668
10509
14675
14606
14608
11145
14641
10455
14705
10479
14694
11201
12605
20110
20030
20031
14921
20197
20032
20111
20082
20112
20131
10591
14551
11096
14639
10532
11146
10482
11124
14919
11128
14593
14902
20004
20033
14706
10486
10602
11513
11062
14831
14829
11101
10522
20198
14821
14820
14813
14818
14822
14817
14819
14823
14814
14815
14816
14122
10484
20034
20035
11422
10577
20144
11534
11063
20083
20036
20199
20161
20133
11122
20084
20200
14594
14920
11171
14676
14903
14781
11514
14925
14552
10142
20162
10175
11133
20201
14199
20085
14690
10573
20114
20051
10507
20132
20052
14714
14609
10204
11074
14553
11115
11475
11097
14874
14924
11118
14804
20163
20086
20113
20087
20088
14904
20089
20090
20091
14654
14782
10609
14629
20145
14905
14451
20146
20116
20037
14906
20164
14683
20147
20038
20053
20165
14776
14564
20058
14907
10336
20039
20148
14908
14876
14934
14862
11708
14858
14849
14850
14926
14600
11715
11711
11609
11610
11628
14601
14731
14845
11629
11559
14748
14851
11560
11594
11561
14732
11674
11545
14554
11692
11658
11562
14852
11630
11611
11608
14762
14749
11631
11632
11670
11589
11572
14750
11716
14751
11717
14747
14752
14753
14754
14755
11718
11612
11719
14555
11546
11702
11675
11573
11543
14806
14602
11659
14859
11660
11661
14756
11574
11720
11721
11613
11550
14729
14543
11549
11551
11722
11705
11575
11671
11563
11541
11599
11633
14853
11548
11646
14935
14948
14944
14945
14946
14947
14943
11542
11694
11600
14739
14757
14863
14728
11712
11634
14740
11647
11648
11672
11614
11555
14787
14879
11656
11673
11615
14854
11679
14855
11590
11553
14783
14556
11544
11564
14726
11649
11635
11576
11682
14839
11636
11662
11601
11556
14741
11637
11678
11693
11638
11697
11565
14730
11616
11695
11639
11577
14848
11578
11640
11698
11680
14864
11650
11663
11676
11579
11677
11664
14865
11641
14847
14603
11554
14784
11723
11688
11580
11581
11595
14867
11713
11617
11724
14790
11602
11655
11725
14843
14557
11726
11557
11618
11700
11619
14861
11547
11620
11566
11642
11709
11603
11727
11701
14734
11558
11567
14797
11651
20211
11683
11707
14844
11582
11689
11607
14856
14835
14833
11604
11643
20215
11652
11644
11653
11728
11729
11596
14846
11665
14868
11666
11667
11621
11730
11731
11732
14789
14735
11703
11733
14742
14794
11704
14617
11684
11714
14842
14558
11710
14604
11597
14760
11734
14736
14871
11736
14737
14743
11706
14872
11591
14837
14880
11598
11622
11583
14869
14795
14744
11623
11584
14738
11737
14745
11738
11624
14758
11585
11690
11605
14559
14857
11645
11685
11586
11592
14759
11686
14836
14834
11533
11691
11568
11569
11593
11654
11606
14746
11696
11552
14785
11657
11587
11570
11625
11626
14870
14610
11681
14560
11540
11571
14875
14927
11687
14605
20203
11588
10517
11152
10342
14764
10343
10344
11183
11237
10426
11444
10848
11238
10849
11239
10483
10433
10345
11184
10346
11240
10605
14568
10850
10421
10851
10411
10416
10412
11187
14575
11189
10400
10348
14954
14950
14951
14952
14953
14949
10437
14765
10413
11190
11193
11194
10351
11195
10586
14766
11196
14767
10853
10422
14589
14574
11198
11204
10388
11205
10395
10353
11207
14881
10408
10578
10354
11208
10855
11506
10856
11209
10884
11210
10355
10414
14573
10410
10436
20212
11212
14621
10425
14572
11213
14619
14566
10356
10858
10409
11215
11216
20216
10859
14768
10358
14571
10860
14616
11217
10861
10360
10359
10862
10863
11218
10361
11219
10864
14570
11220
14569
10865
11222
11223
10362
11447
11242
11224
10420
11225
10515
10387
14620
11243
11227
10415
10567
11228
10363
11446
10364
14769
10866
10867
14567
20204
11229
14770
11359
10045
10046
11416
11524
10221
11288
11530
10263
11393
11425
10846
10384
10311
14824
10385
11390
10257
11355
11379
10049
10050
11432
11357
10224
11536
11391
11440
10237
10244
11526
11527
10841
11442
10595
10313
11417
11427
11397
11396
11382
11428
10248
10215
11389
14825
11362
14614
11401
11515
11376
10386
11384
14811
14826
10219
11360
11370
11435
10317
11364
11519
11383
11388
10312
11528
11378
14809
10057
11372
10376
11365
11366
10264
11436
11516
14612
10160
10060
11437
11431
10588
11430
11438
10223
10302
11525
11433
10844
10322
10256
10242
20213
11367
14807
11439
11400
10303
11418
10262
11395
11375
11373
20217
14618
10590
11520
10235
11380
10594
14615
14613
11377
10592
11429
10314
10047
11289
10240
11371
11394
11368
11392
10261
11369
10560
10218
10220
10382
11374
11529
11399
10304
11386
14810
10077
10078
11356
10080
11354
11387
11381
10081
10163
14808
10299
10227
10396
11398
11426
11363
11361
10383
11385
20205
11523
10300
11358
14984
14973
14992
14990
14987
14988
14986
14974
14991
14980
20238
20239
20240
20241