MasterHotelId
3136
4624
5609
7197
7830
8990
10613
11304
14048
15722
22376
36201
36261
37649
40254
50259
50378
52572
52624
52922
52951
52954
53240
54168
54842
54850
55132
58695
59216
59758
60325
60715
60753
61128
61512
65447
67412
67476
72833
72839
72841
72848
72868
72872
72886
72887
73869
75746
77177
77185
77220
77246
77291
77367
77372
77387
77432
77686
77772
77826
78315
78317
78341
78433
78456
78529
78592
78598
78600
78602
78617
78622
78623
78670
78722
78861
79963
80113
80115
80116
80118
80124
80125
80126
80141
80144
80146
80297
80301
80382
80460
80547
81335
81459
81488
81585
81599
81766
81844
81870
81916
81917
81945
82036
82039
82042
82044
82092
82134
84419
85421
88887
90891
91011
94499
94581
95112
95114
95683
95684
95699
95701
95702
95881
96082
96150
97262
97549
97651
97655
97659
97689
97929
98105
99235
103178
103846
105131
105251
105821
105843
105935
105942
105949
106145
107031
107032
107243
107251
107252
107253
107254
107255
107256
107257
107258
107259
107293
107829
107834
107835
107853
107860
107864
108149
108232
108347
108350
108445
108452
108519
108620
108700
108706
108770
108794
108802
108808
108842
109564
109725
109778
110039
110140
110202
110397
110546
110743
111007
111013
111025
111026
111139
111140
111141
111142
111144
111166
111198
111306
111326
111327
111362
111418
111873
111882
111886
111892
111893
111896
111899
111901
111902
111904
111910
111911
111914
111915
111916
111919
111921
111923
111925
111926
111927
112013
112032
112056
112058
112068
112087
112091
112093
112103
112108
113125
113159
113293
113294
113299
113307
113321
113325
113334
113398
113399
113413
113421
113422
113435
113444
113445
113491
113492
113550
113572
113584
113597
113702
113705
113804
113831
113904
114012
114064
114411
114419
114421
114424
114436
114440
114451
114486
114497
114507
114508
114515
114516
114517
114518
114523
114532
114547
114550
114551
114597
114629
114644
114670
114671
114682
114693
114714
114723
114739
114744
114772
114777
114778
114805
114838
114839
114850
114865
114866
114869
114870
114871
114880
114889
114892
114893
114894
114895
114896
114899
114900
114901
114911
114912
114913
114914
114915
114916
114917
114919
114922
114923
114924
114925
114932
114940
114941
114942
114943
114951
114953
114960
114961
114962
114967
114970
114972
114982
114989
114996
114997
115000
115004
115010
115019
115029
115030
115031
115032
115036
115037
115038
115039
115040
115042
115043
115048
115049
115050
115054
115061
115070
115071
115072
115073
115074
115075
115076
115077
115078
115079
115080
115081
115092
115093
115094
115095
115096
115108
115109
115110
115111
115112
115113
115114
115115
115116
115117
115118
115119
115120
115121
115122
115129
115130
115131
115133
115142
115143
115144
115145
115146
115147
115148
115149
115150
115151
115152
115153
115154
115155
115156
115157
115159
115160
115161
115162
115163
115164
115165
115166
115167
115168
115169
115170
115171
115172
115174
115175
115176
115177
115178
115180
115181
115182
115183
115184
115185
115186
115187
115190
115195
115196
115197
115198
115199
115200
115201
115202
115203
115208
115209
115210
115212
115214
115215
115217
115218
115219
115222
115224
115225
115226
115227
115228
115229
115230
115231
115232
115233
115234
115235
115236
115237
115238
115239
115240
115241
115243
115244
115246
115247
115248
115249
115250
115251
115252
115253
115254
115255
115256
115257
115258
115259
115260
115262
115264
115265
115266
115267
115268
115269
115270
115271
115272
115273
115275
115277
115278
115279
115280
115281
115282
115283
115288
115291
115292
115293
115294
115295
115297
115299
115302
115304
115305
115306
115308
115309
115310
115311
115312
115313
115314
115317
115320
115323
115324
115325
115328
115333
115335
115336
115338
115339
115340
115342
115345
115347
115349
115350
115351
115353
115354
115356
115359
115360
115361
115362
115364
115365
115366
115367
115369
115370
115371
115372
115373
115374
115375
115379
115383
115385
115388
115389
115390
115391
115394
115395
115397
115399
115400
115401
115402
115406
115407
115408
115410
115413
115415
115416
115417
115418
115419
115421
115422
115423
115424
115425
115426
115428
115429
115430
115431
115432
115434
115436
115437
115439
115442
115445
115447
115448
115449
115450
115451
115452
115453
115454
115455
115456
115457
115458
115460
115462
115463
115464
115465
115466
115467
115468
115469
115470
115471
115480
115481
115482
115483
115484
115485
115486
115487
115488
115489
115490
115491
115492
115493
115494
115495
115496
115499
115500
115503
115504
115505
115506
115507
115509
115510
115511
115513
115514
115515
115516
115517
115518
115519
115520
115522
115523
115524
115525
115526
115528
115529
115530
115531
115534
115535
115536
115538
115539
115541
115543
115544
115547
115548
115549
115553
115554
115555
115556
115557
115558
115559
115560
115565
115568
115570
115572
115573
115574
115575
115576
115577
115578
115586
115589
115590
115593
115595
115596
115606
115611
115612
115613
115614
115615
115618
115619
115635
115636
115637
115639
115640
115651
115652
115665
115666
115670
115671
115672
115673
115674
115675
115676
115677
115678
115679
115680
115681
115682
115683
115684
115689
115701
115703
115704
115706
115710
115711
115712
115713
115714
115718
115719
115720
115721
115722
115723
115724
115725
115726
115741
115742
115743
115744
115745
115749
115750
115754
115757
115763
115784
115785
115791
115792
115793
115794
115797
115801
115803
115804
115805
115809
115816
115817
115818
115819
115820
115821
115822
115825
115827
115828
115829
115830
115831
115837
115844
115845
115847
115848
115849
115850
115851
115852
115853
115854
115855
115856
115857
115858
115859
115860
115861
115862
115863
115864
115865
115866
115867
115868
115869
115870
115871
115872
115873
115874
115875
115876
115877
115878
115879
115880
115881
115882
115883
115884
115885
115886
115887
115888
115889
115890
115891
115892
115893
115894
115895
115897
115898
115899
115900
115901
115902
115903
115904
115905
115906
115907
115908
115909
115910
115911
115912
115913
115914
115916
115917
115918
115920
115921
115922
115923
115924
115925
115926
115927
115928
115929
115930
115931
115932
115933
115934
115935
115936
115937
115938
115939
115940
115941
115942
115943
115944
115945
115946
115947
115948
115949
115950
115951
115952
115953
115954
115955
115956
115957
115958
115959
115960
115961
115962
115963
115964
115965
115966
115967
115968
115969
115970
115971
115972
115973
115974
115975
115976
115977
115978
115979
115980
115981
115982
115983
115984
115985
115986
115987
115988
115989
115990
115991
115992
115993
115994
115995
115996
115997
115998
115999
116000
116001
116002
116003
116004
116005
116006
116007
116008
116009
116010
116011
116012
116013
116014
116015
116016
116017
116018
116019
116020
116021
116022
116023
116024
116025
116026
116027
116028
116029
116030
116031
116032
116033
116034
116035
116036
116037
116038
116039
116040
116041
116042
116043
116044
116045
116046
116047
116048
116049
116050
116051
116052
116053
116054
116055
116056
116057
116058
116059
116060
116061
116062
116063
116064
116065
116066
116067
116068
116069
116070
116071
116072
116073
116074
116075
116076
116077
116078
116079
116080
116081
116082
116083
116084
116085
116086
116087
116088
116089
116090
116091
116092
116093
116094
116095
116096
116097
116098
116099
116100
116101
116102
116103
116104
116105
116106
116107
116108
116109
116110
116111
116112
116113
116114
116115
116116
116117
116118
116119
116120
116121
116122
116123
116124
116125
116126
116128
116129
116130
116131
116132
116133
116134
116135
116136
116137
116138
116139
116140
116141
116142
116143
116144
116145
116146
116147
116148
116149
116150
116151
116152
116153
116154
116155
116156
116157
116158
116159
116160
116161
116162
116163
116164
116165
116166
116167
116168
116169
116170
116171
116172
116173
116174
116175
116176
116177
116178
116179
116180
116181
116182
116183
116184
116185
116186
116187
116188
116189
116190
116191
116192
116193
116194
116195
116196
116197
116198
116199
116200
116201
116202
116203
116204
116205
116206
116207
116208
116209
116210
116211
116212
116213
116214
116215
116216
116217
116218
116219
116220
116221
116222
116223
116224
116225
116226
116227
116228
116229
116230
116231
116232
116233
116234
116235
116236
116237
116238
116239
116240
116241
116242
116243
116244
116245
116246
116247
116248
116249
116250
116251
116252
116253
116254
116255
116256
116257
116258
116259
116260
116261
116262
116263
116264
116265
116266
116267
116268
116269
116270
116271
116272
116273
116274
116275
116277
116278
116279
116280
116281
116282
116283
116284
116285
116286
116287
116288
116289
116290
116291
116292
116293
116294
116295
116296
116297
116298
116299
116300
116301
116302
116303
116304
116305
116306
116307
116308
116309
116310
116311
116312
116313
116314
116315
116316
116317
116318
116319
116320
116321
116322
116323
116324
116325
116326
116327
116328
116329
116330
116331
116332
116333
116334
116335
116336
116337
116338
116339
116340
116341
116342
116343
116344
116345
116346
116347
116348
116349
116350
116351
116352
116353
116354
116355
116356
116357
116358
116359
116360
116361
116362
116363
116364
116365
116366
116367
116368
116369
116370
116371
116372
116373
116374
116375
116376
116377
116378
116379
116380
116381
116382
116383
116384
116385
116386
116387
116388
116389
116390
116392
116393
116394
116395
116396
116397
116398
116399
116400
116401
116402
116403
116404
116405
116406
116407
116408
116409
116410
116411
116412
116413
116414
116415
116416
116417
116418
116419
116420
116421
116422
116423
116424
116425
116426
116427
116428
116429
116430
116431
116432
116433
116434
116435
116436
116437
116438
116439
116440
116441
116442
116443
116444
116445
116446
116447
116448
116449
116450
116451
116452
116453
116454
116455
116456
116457
116458
116459
116460
116461
116462
116463
116464
116465
116466
116467
116468
116469
116470
116471
116472
116473
116474
116475
116476
116477
116478
116479
116480
116481
116482
116483
116484
116485
116486
116487
116488
116489
116490
116491
116492
116493
116494
116495
116496
116497
116498
116499
116500
116501
116502
116503
116504
116505
116506
116507
116508
116509
116510
116511
116512
116513
116515
116516
116517
116518
116520
116521
116522
116523
116524
116525
116526
116527
116528
116529
116530
116531
116532
116533
116534
116535
116536
116537
116538
116539
116540
116541
116542
116543
116544
116545
116546
116547
116548
116549
116550
116551
116552
116553
116554
116555
116556
116557
116558
116559
116560
116561
116562
116563
116564
116565
116566
116567
116568
116569
116570
116571
116572
116573
116574
116575
116576
116577
116578
116579
116580
116581
116582
116583
116584
116585
116586
116587
116588
116589
116590
116591
116592
116593
116594
116595
116596
116597
116598
116599
116600
116601
116602
116603
116604
116605
116606
116607
116608
116609
116610
116611
116612
116613
116614
116615
116616
116617
116618
116619
116620
116621
116622
116623
116624
116625
116626
116627
116628
116629
116630
116631
116632
116633
116634
116635
116636
116637
116638
116639
116640
116641
116642
116643
116644
116645
116646
116647
116648
116649
116650
116651
116652
116653
116654
116655
116656
116657
116658
116659
116660
116661
116662
116663
116664
116665
116666
116667
116668
116669
116670
116671
116672
116673
116674
116675
116676
116677
116678
116679
116680
116681
116682
116683
116684
116685
116686
116687
116688
116689
116690
116691
116692
116693
116694
116695
116696
116697
116698
116699
116700
116701
116702
116703
116704
116705
116706
116707
116708
116709
116710
116711
116712
116713
116714
116715
116716
116717
116718
116719
116720
116721
116722
116723
116724
116725
116726
116727
116728
116729
116730
116731
116732
116733
116734
116735
116736
116737
116738
116739
116740
116741
116742
116743
116744
116745
116746
116747
116748
116749
116750
116751
116752
116753
116754
116755
116756
116757
116758
116759
116760
116761
116762
116763
116764
116765
116766
116767
116768
116769
116770
116771
116772
116773
116774
116775
116776
116777
116778
116779
116780
116781
116782
116783
116784
116785
116786
116787
116788
116789
116790
116791
116792
116793
116794
116795
116796
116797
116798
116799
116800
116801
116802
116803
116804
116805
116806
116807
116808
116809
116810
116811
116812
116813
116814
116815
116816
116817
116818
116819
116820
116821
116822
116823
116824
116825
116826
116827
116828
116829
116830
116831
116832
116833
116834
116835
116836
116837
116838
116840
116841
116842
116843
116844
116845
116846
116847
116848
116849
116850
116851
116852
116853
116854
116855
116856
116857
116858
116859
116860
116861
116862
116863
116864
116865
116866
116867
116868
116869
116870
116871
116872
116873
116874
116875
116876
116877
116878
116879
116880
116881
116882
116883
116884
116885
116886
116887
116888
116889
116890
116891
116892
116893
116894
116895
116896
116897
116898
116899
116900
116901
116902
116903
116904
116905
116906
116907
116908
116909
116910
116911
116912
116913
116914
116915
116916
116917
116918
116919
116920
116921
116922
116923
116924
116925
116926
116927
116928
116929
116930
116931
116932
116933
116934
116935
116936
116937
116938
116939
116940
116941
116942
116943
116944
116945
116946
116947
116948
116949
116950
116951
116952
116953
116954
116955
116956
116957
116958
116959
116960
116961
116962
116963
116964
116965
116966
116967
116968
116969
116970
116971
116972
116973
116974
116975
116976
116977
116978
116979
116980
116981
116982
116983
116984
116985
116986
116987
116988
116989
116990
116991
116992
116993
116994
116995
116996
116997
116998
116999
117000
117001
117002
117003
117004
117005
117006
117007
117008
117009
117010
117011
117012
117013
117014
117015
117016
117017
117018
117019
117020
117021
117022
117023
117024
117025
117026
117027
117028
117029
117030
117031
117032
117033
117034
117035
117036
117037
117038
117039
117040
117041
117042
117043
117044
117045
117046
117047
117048
117049
117050
117055
117056
117057
117058
117059
117061
117062
117063
117064
117065
117066
117067
117068
117069
117070
117071
117072
117073
117074
117075
117076
117077
117078
117079
117082
117083
117084
117086
117087
117088
117089
117093
117094
117095
117096
117097
117098
117099
117100
117101
117102
117103
117104
117105
117106
117107
117108
117109
117110
117119
117120
117121
117124
117130
117131
117132
117133
117135
117136
117137
117138
117139
117140
117141
117142
117143
117144
117145
117146
117147
117148
117149
117151
117152
117161
117162
117163
117164
117165
117166
117167
117168
117169
117170
117171
117172
117174
117175
117176
117177
117179
117180
117181
117182
117183
117184
117189
117190
117191
117192
117193
117194
117195
117196
117197
117198
117199
117200
117201
117202
117213
117216
117220
117221
117222
117223
117224
117225
117226
117227
117228
117229
117230
117231
117233
117234
117235
117236
117237
117238
117243
117244
117245
117246
117247
117248
117249
117250
117251
117252
117253
117254
117255
117256
117257
117258
117259
117260
117266
117267
117268
117269
117270
117271
117272
117273
117274
117275
117276
117277
117278
117279
117280
117281
117282
117283
117284
117285
117286
117287
117288
117289
117290
117291
117292
117293
117294
117295
117296
117297
117298
117305
117306
117307
117308
117309
117310
117311
117312
117313
117314
117316
117317
117318
117319
117320
117321
117322
117323
117324
117325
117326
117330
117331
117332
117333
117334
117335
117336
117337
117338
117339
117340
117341
117342
117343
117344
117346
117347
117348
117349
117359
117367
117368
117369
117370
117371
117373
117374
117375
117376
117377
117378
117379
117380
117381
117382
117383
117384
117385
117386
117387
117390
117391
117392
117393
117394
117395
117396
117397
117398
117404
117405
117406
117407
117408
117409
117410
117411
117412
117414
117415
117416
117417
117418
117419
117420
117421
117422
117423
117424
117425
117426
117427
117428
117429
117430
117433
117434
117435
117436
117437
117438
117439
117440
117441
117442
117443
117444
117445
117446
117447
117457
117459
117460
117461
117462
117464
117465
117466
117467
117468
117469
117470
117473
117474
117475
117476
117477
117478
117479
117480
117481
117482
117483
117484
117485
117487
117488
117489
117490
117491
117492
117493
117494
117496
117497
117498
117499
117500
117501
117502
117505
117506
117507
117508
117509
117510
117511
117512
117513
117514
117515
117516
117517
117518
117519
117523
117524
117529
117530
117531
117532
117533
117534
117535
117547
117548
117549
117550
117551
117552
117556
117557
117558
117559
117560
117561
117562
117563
117564
117567
117568
117571
117572
117573
117574
117575
117576
117577
117578
117580
117581
117582
117583
117584
117585
117586
117587
117588
117589
117590
117597
117598
117599
117600
117887
117986
118008
118024
118042
118043
118044
118045
118046
118047
118048
118073
118083
118086
118087
118088
118091
118092
118093
118098
118099
118102
118115
118117
118120
118146
118158
118189
118202
118207
118212
118220
118233
118343
118344
118375
118382
118402
118413
118471
118523
118563
118567
118578
118597
118615
118625
118635
118644
118685
118700
118701
118708
118741
118783
118797
118798
118814
118964
118969
119031
119072
119077
119096
119097
119098
119122
119193
119380
119407
119416
119427
119455
119457
119467
119478
119491
119492
119493
119494
119495
119496
119497
119536
119539
119548
119549
119550
119569
119570
119571
119572
119574
119576
119579
119580
119581
119582
119583
119584
119585
119586
119587
119588
119589
119602
119603
119604
119606
119608
119609
119610
119612
119613
119615
119616
119626
119634
119637
119643
119644
119645
119646
119647
119648
119649
119650
119651
119652
119653
119654
119655
119656
119657
119658
119659
119660
119661
119662
119663
119664
119666
119667
119668
119669
119670
119671
119672
119678
119679
119680
119682
119687
119688
119689
119691
119692
119693
119694
119695
119696
119697
119701
119704
119705
119706
119707
119708
119709
119718
119719
119723
119724
119725
119726
119727
119728
119729
119730
119731
119732
119733
119734
119740
119741
119742
119743
119744
119745
119746
119747
119748
119749
119750
119751
119764
119765
119766
119769
119770
119771
119772
119780
119781
119782
119783
119784
119785
119786
119787
119788
119789
119790
119791
119792
119793
119794
119795
119796
119797
119810
119811
119812
119821
119822
119823
119824
119825
119826
119827
119828
119829
119830
119831
119832
119833
119834
119835
119836
119837
119842
119848
119858
119859
119860
119861
119862
119863
119864
119865
119866
119868
119869
119870
119871
119873
119874
119875
119876
119877
119878
119879
119880
119882
119893
119894
119895
119896
119897
119898
119899
119900
119901
119902
119903
119904
119905
119906
119907
119909
119910
119916
119917
119918
119919
119920
119921
119922
119923
119924
119925
119926
119927
119928
119929
119930
119931
119932
119933
119934
119935
119936
119937
119938
119939
119940
119941
119942
119943
119944
119947
119948
119949
119950
119951
119952
119953
119954
119955
119960
119963
119964
119965
119966
119967
119968
119969
119978
119979
119980
119981
119982
119983
119989
119990
119991
119992
119993
119994
119995
119996
119997
119998
119999
120000
120001
120002
120003
120006
120007
120008
120009
120011
120012
120013
120014
120015
120028
120029
120030
120031
120032
120040
120041
120042
120043
120044
120045
120046
120047
120058
120059
120060
120061
120062
120063
120064
120065
120066
120067
120068
120069
120070
120071
120072
120073
120075
120076
120077
120083
120084
120085
120086
120087
120088
120089
120090
120091
120092
120094
120095
120097
120098
120100
120101
120102
120103
120104
120105
120106
120107
120108
120109
120110
120111
120112
120117
120118
120119
120120
120121
120122
120123
120129
120130
120131
120132
120133
120134
120135
120136
120137
120138
120140
120141
120142
120143
120144
120145
120146
120147
120148
120149
120150
120151
120152
120153
120154
120155
120156
120162
120163
120164
120165
120167
120168
120169
120172
120183
120184
120185
120186
120187
120188
120189
120190
120191
120192
120193
120194
120195
120196
120197
120198
120199
120200
120201
120205
120206
120207
120208
120209
120210
120211
120212
120217
120218
120219
120220
120221
120222
120223
120224
120225
120226
120227
120228
120229
120244
120245
120246
120247
120248
120249
120250
120251
120252
120253
120254
120263
120264
120265
120273
120274
120275
120276
120277
120278
120279
120280
120283
120284
120286
120287
120288
120289
120290
120291
120292
120293
120294
120295
120296
120300
120301
120302
120304
120305
120306
120307
120308
120309
120310
120311
120315
120316
120317
120318
120322
120323
120324
120325
120326
120327
120328
120333
120334
120335
120337
120338
120339
120340
120341
120342
120343
120344
120345
120346
120347
120350
120366
120373
120374
120375
120376
120377
120384
120385
120386
120387
120388
120389
120390
120391
120392
120393
120394
120395
120396
120401
120402
120403
120404
120405
120406
120407
120408
120409
120410
120411
120412
120413
120414
120415
120416
120417
120418
120419
120420
120422
120423
120424
120425
120426
120429
120430
120431
120432
120433
120435
120440
120441
120442
120443
120444
120445
120453
120462
120465
120466
120467
120468
120469
120470
120474
120475
120476
120477
120478
120479
120480
120481
120482
120483
120484
120485
120486
120490
120492
120493
120494
120495
120496
120497
120498
120499
120500
120501
120502
120503
120504
120505
120506
120507
120508
120509
120510
120511
120512
120518
120519
120520
120521
120522
120523
120524
120525
120526
120527
120528
120529
120530
120531
120532
120533
120565
120576
120609
120634
120657
120690
120696
120712
120714
120715
120716
120717
120718
120735
120745
120765
120774
120793
120817
120830
120844
120846
120847
120870
120897
120899
120901
120913
120915
120924
120928
120930
120931
120945
120946
120947
120955
120989
121033
121049
121073
121074
121102
121134
121135
121163
121169
121170
121171
121172
121179
121180
121184
121220
121226
121236
121251
121259
121352
121362
121375
121391
121406
121407
121437
121438
121530
121556
121589
121591
121603
121670
121723
121811
121812
121835
121836
121904
121909
121922
122045
122075
122117
122120
122223
122233
122265
122319
122336
122357
122402
122423
122436
122460
123693
123774
123814
123927
123928
123933
123946
123949
123974
123986
123992
124001
124130
124170
124176
124184
124185
124193
124194
124196
124203
124204
124205
124206
124233
124244
124245
124317
124538
125790
125791
125793
125794
125804
125808
125812
125813
125817
125820
125822
125823
125824
125825
125830
125832
125833
125834
125838
125839
125841
125842
125843
125849
125850
125861
125864
125866
125871
125872
125876
125881
125882
125883
125884
125916
125917
125926
126037
126045
126046
126053
126078
126080
126084
126102
126107
126111
126117
126118
126132
126136
126140
126145
126159
126393
126395
126396
126400
126404
126406
126408
126411
126413
126414
126415
126416
126417
126419
126421
126425
126430
126431
126432
126440
126442
126443
126444
126449
126451
126455
126457
126458
126459
126460
126505
126518
126520
126521
126532
126594
126642
126716
126821
126936
127365
127447
127455
49957
56214
67858
75616
121145
1296
2533
29128
32001
44530
47175
55238
74155
80616
4490
26726
33996
34527
57653
57826
59623
75634
75723
75928
76378
77745
78487
80707
80747
80960
84984
85568
85668
93691
98485
105839
105844
105847
106560
106588
106623
106630
106653
106669
108248
108319
108345
108432
108474
109716
111881
113511
114375
114454
114458
11558
72059
75744
78084
78126
105890
106211
106764
108403
108820
109622
38051
108
572
575
580
601
603
677
777
1074
1241
1247
1252
1273
1365
1375
1478
1520
1567
1587
1634
1792
2256
2672
3139
3282
3478
3487
3573
3592
3666
3897
4011
4084
4424
4922
5176
5287
5386
5494
5507
5561
5621
5622
6057
6176
6311
6823
6967
6989
7152
7186
7303
7791
7812
7828
7853
8172
8386
8906
9065
9170
9270
9986
10634
10775
11230
11462
11611
11939
12097
12324
12355
13338
13410
13446
13499
13646
14160
14442
14462
14530
14578
14956
15037
15043
15057
15140
15186
15245
15283
15302
15318
15411
15631
15634
15728
15796
15829
15848
16208
16223
16323
17040
17090
17130
17303
17783
17844
17908
18024
18378
18688
18824
18984
19186
19752
19764
19835
20051
21902
22228
22239
22261
22324
22404
22418
22831
22841
22902
23043
23315
23662
23701
23771
24141
24258
24392
24644
24707
24764
24910
24957
25417
25745
25807
25829
26159
26747
26748
26750
26751
26754
26757
26758
26760
26761
26762
26763
26823
26832
26833
26855
26872
26878
27234
27544
27545
27856
28079
28246
28250
28314
28362
28363
28379
28391
28493
28500
29040
29045
29057
29092
29177
29236
29371
29384
29412
29672
29673
29674
29675
29766
29891
29939
30010
30016
30053
30191
30230
30437
30609
30618
30789
30790
30842
30946
30947
30948
30987
31035
31037
31304
31406
31425
31465
31544
31649
31731
31759
31772
32100
32108
32112
32193
32466
32467
32493
32546
32632
32837
32850
32903
32947
33004
33048
33076
33188
33273
33328
33406
33519
33602
33762
33797
33804
33809
33881
33964
33984
34020
34029
34030
34043
34077
34146
34189
34191
34202
34292
34313
34337
34340
34350
34364
34392
34393
34412
34884
34920
34969
35080
35197
35223
35236
35354
35358
35446
35486
35537
35552
35554
35618
35779
35789
35844
35961
36010
36011
36043
36064
36077
36112
36120
36128
36160
36164
36166
36237
36333
36339
36387
36388
36408
36433
36454
36458
36494
36497
36515
36655
36754
36879
37012
37022
37035
37077
37102
37198
37204
37220
37279
37381
37500
37512
37513
37808
37910
38096
38159
38173
38216
38220
38223
38303
38311
38330
38357
38412
38427
38720
38753
38798
38813
38846
38853
38873
38910
38966
39088
39116
39221
39238
39336
39511
39844
39954
39982
39993
39997
39998
40000
40003
40005
40007
40012
40015
40022
40023
40057
40249
40253
40858
40903
41052
41139
41173
41251
41345
41348
41360
41368
41370
41374
41379
41391
41392
41417
41423
41462
41834
42154
42179
42208
42221
42320
42348
42353
42388
42525
42678
42710
42711
42721
42723
42736
42774
42801
42806
42945
42946
42955
42959
42961
42964
42968
42970
43276
43345
43508
43725
43866
43900
43921
43925
43931
43932
43939
43946
43951
43955
43957
43961
43968
43970
43974
43980
43983
43985
43986
44004
44009
44020
44051
44097
44130
44369
44385
44395
44403
44405
44419
44426
44432
44459
44465
44467
44473
44475
44486
44488
44491
44522
44531
44565
44578
44591
44595
44596
44598
44600
44602
44611
44616
44626
44627
44631
44647
44654
44681
44683
44720
44723
44724
44725
44726
44730
44734
44736
44738
44767
44801
45017
45040
45046
45070
45085
45090
45155
45175
45422
45459
45713
45714
45715
45717
45721
45722
45723
45725
45727
45728
45730
45732
45733
45734
45735
45737
45740
45741
45743
45871
45878
45886
45895
45904
45924
45925
45965
45993
46000
46003
46005
46007
46011
46020
46022
46067
46224
46229
46230
46231
46233
46281
46282
46286
46307
46312
46313
46314
46329
46342
46364
46383
46385
46434
46442
46452
46459
46473
46492
46528
46539
46636
46693
46914
46962
47118
47178
47198
47214
47227
47293
47295
47296
47309
47314
47339
47343
47345
47347
47350
47351
47352
47353
47373
47376
47510
47583
47670
47672
47697
47723
47753
47761
47762
47793
47833
47885
47913
47938
47941
47947
47991
48121
48193
48234
48235
48242
48265
48283
48376
48405
48429
48469
48781
48791
48842
49043
49097
49139
49187
49443
49549
49708
49950
50001
50002
50054
50056
50092
50116
50127
50137
50143
50154
50167
50243
50261
50307
50308
50316
50369
50388
50406
50556
50568
50600
50705
50743
50859
50925
50950
50994
51072
51128
51496
51517
51519
51754
51806
51826
51828
51909
51964
51980
51994
52020
52041
52240
52283
52307
52343
52512
52697
52709
52973
53124
53129
53381
53383
53410
53471
53477
53502
53597
53634
53637
53661
53669
53675
53713
53728
53732
53852
53860
54119
54229
54379
54572
54643
54644
54686
54728
54751
54805
54819
54872
54909
54930
54947
54954
54965
55102
55103
55316
55344
55441
55443
55468
55501
55588
55605
55644
55749
55752
55755
55807
55832
55876
56090
56166
56238
56343
56345
56364
56396
56429
56454
56515
56528
56540
56558
56570
56575
56576
56583
56613
56620
56632
56686
56814
56839
56901
56905
56910
56946
56961
56975
56979
56980
56995
56997
57071
57087
57214
57239
57345
57377
57391
57398
57434
57462
57467
57789
57796
57816
57844
57845
57851
57864
57879
57946
57948
58004
58031
58091
58168
58172
58314
58378
58388
58421
58442
58463
58466
58467
58491
58514
58523
58562
58597
58647
58654
58669
58761
58780
59081
59122
59161
59178
59255
59332
59375
59488
59574
59666
59808
59967
60014
60084
60107
60324
60552
60854
60944
61006
61043
61127
61142
61144
61229
61373
61471
61508
61547
61606
61608
61610
61634
61665
61667
61680
61733
61819
61823
61837
61839
61856
61861
61862
61867
61868
61871
61876
61897
61920
62018
62022
62023
62033
62036
62037
62041
62050
62068
62123
62132
62161
62165
62169
62179
62227
62287
62292
62307
62308
62342
62347
62406
62409
62419
62431
62436
62470
62486
62489
62493
62498
62500
62518
62520
62521
62565
62625
62658
62814
63159
63258
63312
63394
63439
63504
63585
63620
63621
63644
63716
63774
63846
63888
63948
64039
64074
64163
64181
64254
64295
64332
64363
64377
64409
64484
64505
64507
64508
64511
64524
64526
64539
64583
64606
64638
64642
64644
64703
64715
64722
64732
64736
64755
64826
64968
65028
65047
65055
65106
65164
65173
65178
65185
65215
65261
65264
65316
65428
65429
65430
65431
65432
65433
65435
65504
65535
65631
65705
65713
65895
65963
66096
66296
66308
66319
66427
66505
66509
66510
66560
66688
66799
66877
66959
66988
67001
67029
67063
67106
67148
67253
67271
67280
67517
67676
67719
67762
67765
67791
67856
67868
67922
67937
68040
68048
68099
68102
68119
68131
68150
68188
68200
68251
68317
68324
68813
68816
68869
68874
68876
68939
68983
69044
69153
69190
69193
69195
69196
69200
69207
69214
69344
69345
69346
69347
69348
69349
69351
69353
69354
69355
69359
69363
69377
69382
69386
69562
69572
69633
69636
69647
69754
69820
69843
69844
69845
69849
69926
70207
70266
70318
70319
70320
70321
70322
70323
70324
70325
70354
70402
70403
70404
70406
70407
70408
70409
70410
70411
70412
70413
70414
70415
70416
70417
70418
70419
70420
70421
70422
70423
70424
70425
70426
70427
70428
70429
70430
70431
70432
70434
70435
70436
70437
70438
70545
70564
70613
70681
70701
70705
70715
70716
70717
70718
70720
70736
70743
70751
70903
70945
70954
70987
70998
71054
71081
71152
71154
71155
71171
71179
71183
71186
71191
71194
71214
71225
71227
71228
71261
71264
71390
71391
71399
71404
71425
71461
71490
71529
71530
71550
71632
71660
71661
71662
71665
71667
71668
71670
71673
71674
71676
71695
71696
71697
71728
71731
71736
71749
71750
71879
71893
71894
71899
71946
71999
72000
72006
72027
72028
72029
72032
72041
72080
72090
72118
72127
72131
72162
72170
72183
72184
72185
72186
72187
72260
72267
72350
72360
72383
72414
72458
72491
72524
72530
72549
72560
72562
72683
72835
72889
72895
72987
73041
73290
73492
73494
73564
73568
73617
73631
73638
73655
73720
73798
73827
73830
73831
73838
74241
74301
74341
74420
74422
74443
74473
74480
74483
74485
74508
74511
74515
74517
74521
74540
74553
74568
74616
74618
74633
74635
74655
74671
74689
74710
74711
74720
74755
74951
74956
74963
74973
74980
74982
74995
74996
75000
75021
75029
75045
75046
75139
75167
75283
75471
75557
75672
75764
75892
75907
75925
75944
75951
75998
75999
76021
76072
76102
76105
76111
76149
76170
76192
76203
76205
76242
76277
76301
76456
76460
76497
76650
76921
76933
76945
76947
76960
76964
77023
77100
77315
77368
77380
77393
77474
77553
77602
77673
77830
77916
77946
77981
77993
78010
78122
78153
78212
78234
78279
78328
78587
78655
78695
78730
78748
78850
78851
78870
78876
78896
78917
78972
79014
79181
79194
79201
79257
79277
79281
79285
79287
79288
79321
79325
79391
79464
79532
79626
79668
79689
79698
79726
79737
79740
79780
79788
79804
79809
79811
79825
79846
79932
79938
80003
80171
80184
80577
80786
81824
82066
82161
82174
82379
82881
82909
82918
83059
83063
83067
83068
83200
83246
83279
83302
83316
83571
83603
83605
83608
83650
83740
83786
83814
83963
83979
84036
84132
84405
84437
84438
84451
84502
84574
84577
84603
84649
84651
84686
84731
85002
85010
85015
85054
85059
85077
85099
85103
85136
85154
85195
85313
85402
85434
85445
85447
85460
85461
85492
85497
85498
85499
85615
85846
85919
85929
86563
86767
86880
86924
87128
87183
87190
87199
87207
87208
87270
88027
88383
88561
88593
88781
88786
88815
88830
88853
88865
88934
88945
88952
88994
88999
89092
89323
89826
89837
89931
90000
90042
90066
90174
90178
90243
90443
90561
90845
91285
91500
91546
91650
91673
91675
91722
91727
91760
92767
93443
93449
93458
93459
93467
93474
93476
93477
93478
93497
93512
93751
93792
93794
93877
93893
93923
93928
93950
94081
94104
94165
94238
94343
94360
94364
94460
94526
94534
94543
94559
94643
94644
94744
94769
94969
94994
95010
95016
95041
95065
95066
95069
95089
95098
95189
95199
95237
95241
95256
95318
95357
95394
95407
95435
95444
95461
95462
95517
95600
95604
95606
95612
95640
95661
95678
95710
95718
95744
95750
95753
95754
95819
95820
95830
95868
95869
95883
95915
95927
95934
95935
96079
96080
96087
96125
96126
96142
96146
96181
96199
96229
96257
96267
96270
96325
96349
96358
96363
96397
96406
96413
96426
96428
96433
96448
96459
96462
96476
96478
96480
96504
96529
96536
96539
96542
96545
96556
96561
96597
96598
96653
96721
96730
96801
96839
96890
97007
97053
97061
97099
97100
97103
97117
97119
97125
97418
97425
97502
97564
97781
97786
97864
97990
98061
98062
98231
98278
98304
98338
98365
98376
98405
98411
98442
98471
98488
98501
98567
98670
98749
98751
98782
98818
98857
98884
98886
98916
98962
98990
98991
99068
99105
99160
99216
100553
100558
100567
100568
100575
100616
100886
101067
101297
101431
101436
101437
101439
101451
101466
101495
101502
101519
101560
101570
101574
101634
101635
101670
101671
101696
101724
101868
102720
102736
102744
102882
102928
102953
103003
103531
103544
103625
104005
104021
104042
104069
104367
104464
104519
104855
104859
104861
104864
104865
104887
104888
104911
104937
105081
105082
105099
105116
105153
105154
105155
105165
105201
105202
105203
105247
105255
105271
105342
105346
105380
105440
105446
105479
105489
105552
105559
105585
105586
105587
105589
105590
105592
105632
105636
105641
105649
105651
105652
105653
105656
105658
105663
105665
105667
106148
106236
106286
106287
106288
106289
106291
106292
106293
106294
106296
106297
106299
106300
106334
106336
106337
106348
106350
106388
106444
106489
106814
106891
106892
106893
106894
106895
106896
106897
106898
106899
106900
106901
106902
106903
106904
106905
106906
106908
106909
106910
106911
106912
106913
106914
106915
106916
106918
106919
106923
106941
106957
106964
106965
106966
106967
106968
106970
106971
106986
106990
106993
106994
106995
106997
106998
106999
107000
107002
107004
107005
107006
107009
107010
107011
107012
107013
107014
107017
107234
107291
107422
107459
107471
107483
107484
107492
107500
107507
107508
107515
107579
107584
107612
107630
107662
107668
107669
107670
107671
107673
107674
107675
107676
107677
107678
107679
107681
107682
107683
107764
107842
107916
108100
108119
108157
108217
108222
108239
108309
108336
108377
108444
108520
108551
108588
108645
108647
108761
108793
108955
108956
108958
108959
108963
108964
108965
108966
108967
108968
108969
108970
108971
108978
108983
108987
108988
108989
108992
108993
108994
108995
108996
108998
108999
109000
109001
109003
109004
109005
109006
109008
109011
109012
109013
109014
109015
109018
109019
109021
109023
109025
109026
109027
109028
109029
109030
109031
109032
109033
109034
109035
109036
109037
109038
109039
109040
109042
109043
109044
109045
109047
109048
109050
109052
109053
109054
109055
109057
109058
109059
109060
109061
109063
109067
109069
109070
109071
109072
109073
109079
109080
109081
109082
109083
109087
109089
109090
109092
109093
109094
109095
109096
109099
109100
109101
109102
109103
109104
109105
109107
109108
109109
109111
109112
109113
109114
109115
109116
109117
109118
109119
109120
109121
109122
109123
109124
109125
109127
109128
109131
109132
109133
109146
109147
109148
109150
109151
109152
109153
109154
109155
109156
109157
109158
109159
109161
109162
109163
109164
109165
109166
109167
109168
109169
109170
109171
109172
109173
109174
109175
109176
109177
109178
109179
109180
109181
109182
109183
109184
109185
109186
109187
109188
109189
109190
109191
109192
109193
109195
109196
109197
109198
109199
109200
109201
109202
109203
109204
109206
109207
109208
109209
109210
109211
109212
109213
109214
109215
109216
109217
109218
109219
109220
109221
109222
109223
109225
109226
109227
109228
109229
109230
109231
109237
109238
109239
109240
109241
109242
109243
109244
109245
109246
109262
109268
109271
109279
109282
109285
109286
109289
109299
109325
109489
110002
110004
110005
110006
110007
110008
110009
110010
110011
110072
110073
110074
110075
110076
110077
110078
110083
110084
110085
110087
110088
110089
110091
110092
110093
110094
110095
110096
110102
110106
110112
110120
110135
110137
110167
110172
110173
110178
110185
110186
110208
110213
110215
110218
110468
110501
110506
110521
110548
110556
110558
110560
110572
110606
110607
110608
110660
110661
110662
110703
110704
110705
110706
110707
110708
110753
110762
110785
110792
110795
110834
110835
110836
110837
110838
110866
110867
110897
110917
110918
110935
110940
110943
110956
110994
110995
110996
110997
110998
111068
111069
111070
111073
111074
111075
111083
111149
111158
111183
111184
111185
111219
111244
111261
111262
111263
111264
111317
111340
111341
111342
111343
111371
111404
111405
111406
111506
111507
111508
111509
111510
111511
111512
111513
111545
111547
111548
111549
111550
111551
111552
111553
111554
111555
111556
111557
111582
111583
111593
111702
111771
111807
111823
111829
111831
111834
111850
111867
111870
111968
112002
112040
112120
112121
112124
112127
112128
112129
112130
112131
112132
112134
112137
112140
112141
112142
112143
112144
112145
112146
112147
112148
112149
112150
112151
112152
112153
112154
112155
112156
112157
112158
112159
112160
112161
112162
112163
112164
112165
112166
112167
112168
112169
112170
112171
112172
112173
112174
112175
112176
112177
112178
112179
112183
112184
112185
112186
112187
112188
112189
112190
112191
112192
112193
112194
112195
112196
112197
112732
112735
112743
112746
112759
112787
112798
112817
112841
112848
112877
112880
112886
112899
112902
112920
112936
112951
112960
112975
113025
113033
113035
113036
113037
113038
113043
113053
113058
113061
113062
113063
113064
113065
113068
113074
113075
113076
113077
113078
113080
113085
113086
113087
113088
115832
122480
122483
122485
122487
122488
122489
122490
122491
122492
122493
122494
122495
122496
122497
122507
122508
122551
122559
122560
122565
122566
122567
122572
122580
122589
122591
122596
122599
122606
122607
122610
122613
122617
122622
122623
122624
122628
122629
122631
122636
122653
122656
122678
122686
122687
122688
122690
122694
122695
122701
122704
122705
122706
122714
122716
122718
122721
122733
122741
122742
122744
122752
122760
122793
122800
122801
122802
122803
122811
122812
122813
122814
122817
122819
122821
122833
122836
122845
122847
122859
122860
122862
122864
122867
122875
122887
122893
122903
122915
122925
122955
122993
122996
122997
123005
123008
123018
123022
123024
123025
123030
123036
123045
123061
123067
123074
123077
123078
123079
123080
123081
123082
123083
123084
123085
123086
123087
123091
123096
123097
123098
123099
123100
123101
123103
123104
123107
123120
123125
123126
123130
123133
123136
123137
123138
123143
123145
123150
123152
123155
123165
123170
123172
123173
123174
123175
123176
123177
123180
123183
123184
123185
123186
123192
123193
123194
123195
123196
123263
123346
123354
123360
123361
123362
123371
123374
123376
123380
123389
123390
123391
123397
123398
123407
123408
123411
123414
123419
123433
123447
123457
123469
123478
123479
123499
123514
123516
123517
123530
123531
123572
123576
123581
123588
123597
123611
123642
123645
123648
123650
123657
123696
123699
123713
123719
123726
123727
123728
123737
123738
123743
123751
123760
123761
123763
123764
123765
123766
123767
123768
123770
123776
123779
123797
123804
123805
123846
123863
123864
123867
123868
123872
123877
123887
123888
123893
123894
123896
123902
123995
124009
124010
124011
124013
124024
124116
124150
124152
124153
124155
124157
124358
124360
124364
124491
124492
124503
124509
124511
124518
124523
124526
124527
124650
124651
124652
124653
124654
124660
124668
124673
124675
124677
124678
124679
124684
124686
124688
124689
124690
124691
124692
124694
124695
124703
124704
124705
124709
124710
124769
124821
124823
124824
124825
124833
124834
124835
124836
124837
124838
124839
124840
124841
124842
124843
124844
124845
124846
124847
124848
124849
124850
124851
124859
124860
124861
124864
124874
124889
124890
124895
124896
124897
124898
124899
124900
124901
124902
124903
124907
124923
124934
124936
124937
124938
124940
124994
124997
125001
125005
125023
125112
125198
125199
125201
125206
125207
125208
125209
125210
125212
125213
125214
125215
125217
125219
125225
125226
125227
125228
125229
125230
125231
125232
125233
125234
125235
125237
125238
125239
125240
125241
125242
125266
125272
125274
125275
125277
125281
125313
125319
125320
125366
125374
125375
125381
125382
125406
125443
125450
125451
125452
125471
125472
125476
125480
125535
125541
125567
125576
125589
125590
125598
125600
125603
125611
125612
125613
125631
125648
125701
125703
125705
125706
125722
125723
125737
125763
125764
125779
125784
125943
125945
125946
125947
125948
125950
125951
125954
125955
125956
126021
126022
126023
126024
126211
126261
126305
126320
126352
126373
126595
126608
126653
126707
126711
126720
126743
126748
126749
126750
126754
126761
126763
126769
126770
126828
126856
126861
126879
126884
126939
126994
127000
127015
127018
127027
127034
127037
127043
127052
127064
127065
127071
127084
127085
127088
127094
127096
127097
127102
127116
127133
127155
127162
127163
127164
127178
127181
127200
127201
127203
127214
127219
127222
127229
127257
127286
127303
127318
127329
127336
127343
127484
127489
127545
127554
127556
127606
127621
127637
127644
127651
127703
127705
127717
127720
127753
127755
127756
127869
127890
127925
127936
128023
128109
128184
128216
128222
128248
128255
128264
128288
128290
128316
128320
128325
132619
132627
132630
132631
132651
132653
132655
132656
132657
132658
132662
132666
132668
132676
132683
132684
132686
132688
132689
132690
132691
132692
132695
132701
1612
1806
4744
4767
10291
16195
30216
31781
31998
32075
32125
32172
32532
32576
32619
32625
32629
32859
32908
32987
33031
33092
33101
33128
33156
33251
33260
33584
33926
34161
34180
34205
34218
34441
34484
34504
35120
35262
35344
35376
36107
36295
36573
37602
37667
37683
39658
39960
39965
39967
40130
43207
43264
43518
43886
43977
44113
44150
44158
44181
44421
44833
44998
45317
46777
46790
46816
52749
53078
54279
56349
56392
56453
56470
56473
56531
56548
56723
56730
56922
56923
56943
56955
56963
57169
57590
57614
57619
61946
66041
68994
70627
70812
70888
71200
78742
79231
79935
80716
87024
94203
96609
102728
107572
107845
108453
109482
109664
110491
110493
110499
110510
110524
110530
110538
110865
110885
110893
110895
110899
110902
110910
110913
110926
110927
111726
111727
111789
111790
111804
111806
111824
111849
111851
112865
112879
112883
112912
112918
112933
112974
113026
122576
122619
123355
124814
126258
126259
4105
14500
20575
28653
34158
54304
62038
74281
80294
80313
80325
89047
90100
90371
113463
920
95305
52547
56936
57412
110738
1645
2040
4556
5220
14097
18402
19270
20006
21637
23268
27971
29176
32164
32926
33961
35126
36459
37970
42372
48669
50344
54164
55107
55177
55879
56102
58891
59093
59118
59496
61213
61494
65836
68487
71174
72355
76402
77216
77638
77666
78454
79066
80123
80374
80453
80525
81211
81529
86348
86783
87652
89262
91322
95717
98519
103251
103259
105137
106712
107276
108021
110034
110054
110063
111985
113355
113514
114215
114222
114227
114231
114371
115023
115089
115138
115405
115786
117154
117350
117541
118159
118164
118165
118194
118239
118316
118405
118436
118628
119207
119311
119342
119390
119408
119466
119575
119596
119767
119913
119915
120025
120158
120460
120756
121281
121348
121405
121424
121428
121572
121582
121584
121669
121857
121893
121902
122057
122147
124569
124585
125263
126067
126143
126447
126587
108460
121899
2540
10593
39008
49848
58641
76692
77249
108175
109421
115685
119620
35410
55702
57296
57477
66314
71693
121317
1496
4435
21815
23102
37559
38177
40169
58239
60375
62074
66049
67199
69982
72220
76689
80564
80772
81265
81468
82546
85999
88826
92618
94503
100844
104511
106176
109417
110220
113177
113289
113337
113353
113607
113654
114655
114985
117455
118775
119115
119946
120115
121150
121278
121997
122181
122431
124706
68562
76389
80773
11776
23672
25549
26019
34354
42255
54045
61450
67470
77716
80376
80393
80532
80538
89656
90623
94992
94993
94995
101546
105117
105162
105515
105796
107192
107396
108406
108569
109518
110839
113211
113339
113549
113610
113613
114477
115756
117211
117212
117449
119554
119840
120018
121494
121671
121774
121956
121957
122000
122005
122142
122175
122189
122190
122396
123816
124457
124594
124624
125938
126026
126032
126038
35814
68447
97351
108311
109409
110309
113454
115688
118381
118626
121621
121775
122298
1685
3319
4559
5781
6330
6545
7245
7739
9054
9509
11479
11911
12274
15563
15714
16181
17636
17698
20834
23366
24802
28817
31003
31029
31224
32976
32994
33902
33953
36481
36576
36828
39233
43372
44250
45280
46358
50641
50722
55032
56069
56683
60388
60783
69246
72305
72312
76420
78312
82071
82171
86750
87436
88369
90753
543
925
954
2649
2719
2755
3285
3529
4043
5145
5365
5706
5802
9925
10226
10452
10555
10672
11188
14225
15802
17275
17465
17782
18372
19795
21194
21424
25888
25891
28084
31054
31268
31345
31799
32498
32531
32599
32867
33177
34207
34278
34314
35531
35684
35874
35907
36017
36318
36374
36638
36660
36693
36753
37698
40054
42334
43160
44944
45214
45397
46615
48148
48338
48802
49219
50241
50281
50622
51365
51394
51437
51457
51617
52890
53816
54133
54651
55716
56240
56384
56460
56490
56514
56532
56587
56591
56608
56609
56622
56630
56669
56695
56945
56947
56953
57919
58576
59465
59707
60444
60568
60691
61844
61846
61863
62193
62446
62468
63109
65877
66603
68138
70790
71204
71218
71389
71392
71397
72076
72134
72366
72429
72912
73610
73768
75501
75507
75753
76360
76957
77803
77849
78031
78401
78470
79155
79338
80143
80624
80767
81101
81670
82035
82697
83651
83652
83657
84618
84745
85332
88884
89232
95646
96586
96625
97028
102896
102911
104559
104951
104952
105511
107375
107883
107965
108185
108454
108455
108480
108486
108510
108655
108701
108837
108840
108912
109253
109720
109824
109917
109930
110434
110507
110508
110509
110511
110517
110789
110904
110912
110919
110921
111072
111082
111329
111728
111733
111736
111805
111809
111822
111826
111827
112846
112895
112897
112932
112959
113648
114447
117617
120761
121747
122568
122571
122698
122765
123141
123509
124805
125216
125414
126004
127815
662
666
924
1306
1469
1475
1536
1775
2100
2236
2698
2711
2712
2747
3125
3237
3326
3384
3475
3489
3555
3575
3838
4222
4256
4329
4400
4645
4749
5154
5411
5523
5587
5740
5790
5791
5828
5912
6491
6550
6952
7083
7093
7213
7370
7930
7951
8243
8286
8651
9050
9144
9160
9184
9280
9282
10027
10127
10985
11242
11791
11943
12129
12621
13584
13857
13902
14336
14550
14832
15217
15473
16938
16939
17325
17851
17991
18029
18038
18374
18377
18381
18385
19624
19678
19758
20867
20906
21172
21220
21245
22256
23333
23578
23624
23625
23698
23827
23838
24099
25037
25287
25585
26735
27188
27873
27879
28252
28307
28383
28512
28667
29180
29306
29351
29402
30009
30350
30623
30690
30869
30873
30878
30882
31468
31521
31818
31837
31840
32440
32811
32833
33183
33270
33535
33785
33821
33845
34050
34135
34570
34585
34637
35216
35271
35340
35540
35784
35859
35970
35972
36042
36303
36305
36323
36332
36338
36344
36437
37468
37678
37886
38192
38195
38259
38260
38262
38275
39187
39197
39498
39516
39574
39696
39918
39937
40061
40220
40225
41120
41178
41720
41778
41947
41952
42023
42708
42765
42796
43002
43737
43776
43821
43971
44415
44915
45617
45680
45969
46478
46488
46607
46633
47971
48005
48713
49793
50460
50647
50706
50761
51952
52065
52215
52256
52341
52370
52822
52829
52847
52859
52948
52952
52955
52960
52961
53032
53077
53230
53254
53267
53337
53361
53393
53657
53681
53872
54048
54104
54231
54427
54645
54693
54694
54696
54755
54880
54906
54923
55072
55152
55183
55217
55243
55465
55587
55637
55691
55741
55861
55878
55911
55919
56115
56288
56326
56408
56657
56949
57177
57288
57703
57723
57784
57785
57788
57971
58148
58325
58357
58398
58429
58445
58504
58517
58520
58521
58550
58646
58687
58707
58802
58858
58940
59234
59281
59431
59803
59918
60136
60285
60323
60386
60789
61504
61528
61699
61845
61940
61968
62039
62129
62508
62897
62900
62916
62930
63993
64054
65191
65652
65681
65873
66348
66719
66899
66917
67129
67362
67388
67430
67444
67450
67567
67709
67712
68046
68156
68289
68420
68540
70527
70563
70644
70791
70793
70799
70937
70940
71170
71388
71972
72299
72349
72496
72552
72567
72809
72819
72898
72909
73485
73647
73670
73696
73698
73713
73840
73872
73893
73940
73954
73993
74022
74034
74072
74169
74206
74261
74289
74310
74317
74330
74333
74340
74413
74737
75269
75346
75412
75448
75574
75700
75704
75785
76136
76245
76365
76391
76698
77353
77392
77808
78032
78117
78296
78398
78443
78518
78532
78569
78570
78596
78609
78652
78721
78864
79094
79582
79760
79902
80298
80380
80403
80414
80444
80576
80840
80931
80944
81014
81020
81069
81143
81174
81223
81232
81283
81289
81369
81371
81386
81395
81403
81426
81449
81511
81512
81524
81601
81603
81630
81706
81711
81885
81887
81890
82080
82139
82342
83514
83547
83774
84178
84387
85122
85432
85567
86540
86551
86607
86765
86768
88566
88761
88872
88876
89204
90489
90691
91482
91522
92512
92752
93187
93667
93843
94193
94442
94511
94629
94634
94635
94931
95008
95247
95294
95307
95311
95323
95370
95577
95616
95621
95677
95767
95791
96105
96541
98371
98468
98904
99226
100583
101065
103103
103574
104501
104541
104558
104695
105168
105357
106047
106051
106060
106065
106079
106146
106147
106248
106270
106301
106302
106304
106328
106415
106452
106735
106921
107189
107191
107193
107241
107245
107250
107274
107297
107299
107424
107425
107426
107427
107428
107429
107430
107447
107460
107616
107736
107748
107858
108132
108195
108436
108586
108799
108839
109438
109452
110086
110119
110201
110495
110788
110794
110884
111277
111497
111865
111946
111958
111965
112047
112049
112066
112083
113097
113351
113929
114011
114485
114818
117757
117863
118231
118859
118956
119111
119376
120874
121182
121448
122164
122585
122592
122597
122630
122632
122634
122662
122697
122719
122735
122756
122766
122773
122796
122805
122827
122850
122866
122890
122909
123144
123147
123153
123383
123463
123475
123526
123548
123553
123554
123561
123571
123574
123594
123599
123601
123605
123615
123620
123624
123625
123627
123630
123632
123634
123635
123636
123637
123639
123641
123649
123651
123654
123655
123656
123666
123667
123679
123701
123712
123730
123735
123783
123785
123786
123787
123789
123790
123793
123795
123798
123799
123800
123802
123803
123807
123829
123831
123832
123837
123848
123905
123911
123965
124019
124039
124040
124042
124081
124101
124114
124137
124159
124165
124234
124501
124620
124972
124984
125017
125019
125037
125040
125044
125063
125131
125154
125194
125523
125528
125533
125543
125574
125618
125782
125783
125949
125959
125999
126193
126215
126270
126274
126321
126330
126349
126351
126358
126360
126376
126392
126511
126859
126860
126862
126874
126877
126885
126887
126893
127025
127028
127046
127048
127054
127058
127211
127573
127589
127592
127625
127635
127636
127639
127643
127665
127682
127693
127694
127702
127748
127759
127769
127771
127772
127773
127774
127776
127777
127778
127781
127782
127783
127784
127791
127793
127799
127802
127803
127805
127810
127812
127813
127816
127818
127821
127823
127824
127827
127829
127838
127839
127844
127847
127848
127849
127852
127854
127862
127865
127867
127944
127945
127947
127948
127952
127955
127958
127960
127966
127970
127973
127974
127976
127977
127978
127981
127983
127984
127987
127989
127993
127994
127997
128004
128011
128024
128057
128059
128064
128071
128111
128113
128115
128134